0 2.71828
0.01 3.08974
0.02 1.42849
0.03 2.03178
0.04 5.42688
0.05 2.45567
0.06 1.77911
0.07 3.75245
0.08 4.24044
0.09 0.990754
0.1 4.89318
0.11 3.33556
0.12 6.11755
0.13 -0.33386
0.14 -0.130599
0.15 2.67832
0.16 2.34391
0.17 7.72401
0.18 4.5726
0.19 1.36061
0.2 7.29379
0.21 2.75094
0.22 -0.519719
0.23 1.44403
0.24 1.92137
0.25 4.64424
0.26 7.59531
0.27 6.61556
0.28 4.62111
0.29 4.23891
0.3 9.08544
0.31 6.29587
0.32 8.29508
0.33 4.58132
0.34 4.30049
0.35 8.33651
0.36 6.45363
0.37 5.97777
0.38 6.4065
0.39 6.16646
0.4 9.1985
0.41 8.25068
0.42 7.29157
0.43 9.78438
0.44 6.45871
0.45 6.96929
0.46 8.00294
0.47 11.0017
0.48 4.99571
0.49 10.6041
0.5 9.05476
0.51 9.97368
0.52 10.6039
0.53 8.71571
0.54 12.0125
0.55 10.7122
0.56 14.7298
0.57 11.189
0.58 10.5354
0.59 13.949
0.6 14.1239
0.61 14.7304
0.62 12.8236
0.63 13.092
0.64 14.9751
0.65 13.3016
0.66 13.8142
0.67 18.6047
0.68 18.1092
0.69 18.126
0.7 15.6513
0.71 21.2762
0.72 21.8222
0.73 22.81
0.74 19.6393
0.75 19.2367
0.76 24.3639
0.77 23.9294
0.78 21.9718
0.79 23.5547
0.8 25.3029
0.81 24.575
0.82 28.4967
0.83 28.7008
0.84 29.6048
0.85 28.7029
0.86 33.5297
0.87 35.5266
0.88 32.7504
0.89 36.7045
0.9 41.5309
0.91 43.5744
0.92 43.2422
0.93 41.2702
0.94 45.4667
0.95 40.8493
0.96 48.9881
0.97 48.7184
0.98 53.2768
0.99 49.589
